21 15
157.0 67.0 3
2
1
1
1
0
0
1 1 1 1 1 1 1 1 1 1 1 1 1 1 1 1 1 1 1 1 1
1 0 0 0 0 2 2 2 0 0 2 0 0 0 2 0 0 0 0 0 1
1 0 1 0 1 0 1 2 1 2 1 0 1 0 1 2 1 0 1 0 1
1 2 0 0 0 0 0 0 2 2 2 0 0 0 0 0 0 2 0 0 1
1 0 1 0 1 0 1 0 1 0 1 0 1 0 1 0 1 2 1 0 1
1 0 0 0 0 2 0 0 0 0 0 0 0 0 2 0 0 0 0 2 1
1 0 1 0 1 2 1 0 1 2 1 0 1 0 1 0 1 0 1 2 1
1 0 0 0 0 2 0 0 2 2 2 0 0 0 0 2 2 0 0 0 1
1 0 1 0 1 0 1 0 1 0 1 0 1 0 1 0 1 2 1 0 1
1 2 2 2 0 0 0 0 0 0 0 0 0 0 2 0 0 2 0 0 1
1 0 1 2 1 0 1 0 1 0 1 0 1 0 1 0 1 2 1 0 1
1 0 0 2 2 2 0 0 0 0 0 0 0 0 2 2 2 2 0 0 1
1 0 1 0 1 2 1 0 1 0 1 0 1 0 1 0 1 2 1 2 1
1 0 2 0 0 0 0 0 0 0 2 0 0 0 2 0 0 0 0 0 1
1 1 1 1 1 1 1 1 1 1 1 1 1 1 1 1 1 1 1 1 1
224.0 165.0 0.0 1.0
359.0 96.0 -1.0 0.0
4 3 60
